   1   71.6928   -0.200      1 r  D*(2010)c   1-      0.000   100.000
   2   -0.8554   -0.200      1 i                    -10.000    10.000
   3   59.4884   -0.200      2 r  D*(2007)0   1-      0.000   100.000
   4   -1.5312   -0.200      2 i                    -10.000    10.000
   5   10.1126   -0.200      3 r  D*(2600)c   1-      0.000   100.000
   6   -0.2696   -0.200      3 i                    -10.000    10.000
   7    9.5664   -0.200      4 r  D*(2600)0   1-      0.000   100.000
   8   -6.3533   -0.200      4 i                    -10.000    10.000
   9   10.4330   -0.200      5 r  D*(0000)c   1-      0.000   100.000
  10   -5.1048   -0.200      5 i                    -10.000    10.000
  11    5.5471   -0.200      6 r  D*(0000)0   1-      0.000   100.000
  12    0.5071   -0.200      6 i                    -10.000    10.000
  13    1.0000   -0.200      7 r  D*(  bg)c   1-      0.000   100.000
  14    1.0000   -0.200      7 i                    -10.000    10.000
  15    1.0000   -0.200      8 r  D*(  bg)0   1-      0.000   100.000
  16    1.0000   -0.200      8 i                    -10.000    10.000
  17   10.0000    0.000      9 r  D2*(2460)c  2+      0.000   100.000
  18    0.0010    0.000      9 i                    -10.000    10.000
  19    8.6682    0.000     10 r  D2*(2460)0  2+      0.000   100.000
  20   -0.0824    0.200     10 i                    -10.000    10.000
  21    5.0051    0.200     11 r  D2*(2600)c  2+      0.000   100.000
  22    0.6034    0.200     11 i                    -10.000    10.000
  23    2.4658    0.200     12 r  D2*(2600)0  2+      0.000   100.000
  24    1.2376    0.200     12 i                    -10.000    10.000
  25    0.0332   -0.200     13 r  D3*(0000)c  3-      0.000   100.000
  26    0.7420   -0.200     13 i                    -10.000    10.000
  27    0.0386   -0.200     14 r  D3*(0000)0  3-      0.000   100.000
  28   -5.7746   -0.200     14 i                    -10.000    10.000
  29    1.0000   -0.200     15 r  D4*(0000)c  4+      0.000   100.000
  30    1.0000   -0.200     15 i                    -10.000    10.000
  31    1.0000   -0.200     16 r  D4*(0000)0  4+      0.000   100.000
  32    1.0000   -0.200     16 i                    -10.000    10.000
  33   33.6021   -0.200     17 r    X(3780)c  1-      0.000   100.000
  34    2.4817   -0.200     17 i                    -10.000    10.000
  35    1.0000   -0.200     18 r    X( 770)c  1-      0.000   100.000
  36    1.0000   -0.200     18 i                    -10.000    10.000
  37    1.0000   -0.200     19 r    X(1450)c  1-      0.000   100.000
  38    1.0000   -0.200     19 i                    -10.000    10.000
  39    8.4763   -0.200     20 r    X(1700)c  1-      0.000   100.000
  40    2.1188   -0.200     20 i                    -10.000    10.000
  41    1.0000   -0.200     21 r    X(1900)c  1-      0.000   100.000
  42    1.0000   -0.200     21 i                    -10.000    10.000
  43   10.2394   -0.200     22 r    X(2150)c  1-      0.000   100.000
  44   -3.5569   -0.200     22 i                    -10.000    10.000
  45  100.0000    0.200     23 r  ps1(  1-)   1-      0.000   100.000
  46   -4.8336    0.200     23 i                    -10.000    10.000
  47    1.0000   -0.200     24 r   X3(3780)c  3-      0.000   100.000
  48    1.0000   -0.200     24 i                    -10.000    10.000
  49    1.0000   -0.200     25 r   X3(1990)c  3-      0.000   100.000
  50    1.0000   -0.200     25 i                    -10.000    10.000
  51    1.0000   -0.200     26 r   X3(2250)c  3-      0.000   100.000
  52    1.0000   -0.200     26 i                    -10.000    10.000
  53    1.0000   -0.200     27 r  ps3(  3-)   1-      0.000   100.000
  54    1.0000   -0.200     27 i                    -10.000    10.000
  55    0.5945   -0.200     28 r   X2(1320)c  1-      0.000   100.000
  56   -4.3418   -0.200     28 i                    -10.000    10.000
  57    1.0000   -0.200     29 r   X2(1700)c  1-      0.000   100.000
  58    1.0000   -0.200     29 i                    -10.000    10.000
  59    1.0000   -0.200     30 r  ps2(  2+)   1-      0.000   100.000
  60    1.0000   -0.200     30 i                    -10.000    10.000
  61    1.0000   -0.200     31 r   X4(2040)c  3-      0.000   100.000
  62    1.0000   -0.200     31 i                    -10.000    10.000
  63    1.0000   -0.200     32 r  background          1.000     1.000
